00120081023055305
00120081023234104
00120081025231428
00120081026081229
00120081027111634
00120081027233029
00120081028102805
00120081028233053
00120081029110529
00120081029234123
00120081030233959
00120081101004235
00120081102233452
00120081103133204
00120081103233729
00120081104054859
00120081104234436
00120081105110052
00120081106133604
00120081106233404
00120081108034358
00120081109033335
00120081110233534
00120081111114304
00120081111234235
00120081112234504
00120081113121334
00120081113234558
00120081114130723
00120081116024429
00120081116235322
00120081117042454
00120081117234459
00120081118132804
00120081118235053
00120081119104736
00120081120121822
00120081120234905
00120081201102704
00120081202000605
00120081202145929
00120081203000505
00120081203112659
00120081203235305
00120081204142253
00120081205002359
00120081205143505
00120081205235730
00120081208001534
00120081208142853
00120081210001529
00120081210080559
00120081210235522
00120081211110523
00120081212000534
00120081212141923
00120081213092204
00120081214080334
00120081214235553