01320080927120819
01320081006232359
01320081007092900
01320081007232600
01320081008091828
01320081008232207
01320081009100259
01320081010093759
01320081011015053
01320081012232554
01320081013232007
01320081014085437
01320081014232604
01320081015085000
01320081015232458
01320081016090430
01320081017093105
01320081019232059
01320081020092505
01320081020232134
01320081021092705
01320081021231623
01320081022232135
01320081023095004
01320081023233053
01320081102232605
01320081103092935
01320081104091305
01320081104232459
01320081105092059
01320081106090935
01320081106230322
01320081107123529
01320081109232804
01320081110105459
01320081110231659
01320081111100605
01320081111232229
01320081112105135
01320081112232053
01320081114113805
01320081116232029
01320081117092623
01320081117231729
01320081201090935
01320081201232005
01320081202091453
01320081202231753
01320081203085659
01320081203232323
01320081204092236
01320081204232523
01320081205095700
01320081207232029
01320081208110905
01320081208231835
01320081209121123
01320081209230723
01320081210121623
01320081210231705
01320081211120523
01320081211232329
01320081212121535
01320081214232229
01320090113232452
01320090114090804
01320090115090904
01320090115232628
01320090116093203
01320090118232404
01320090120090103
01320090120232404
01320090201104629
01320090201231803
01320090202095822
01320090202233306
01320090203100159
01320090204232803
01320090205084336
01320090206085800
01320090207032135
01320090209232804
01320090211092128
01320090217092623
01320090219093233