03520090209104838
03520090209214256
03520090210214937
03520090211214635
03520090212214759
03520090214005056
03520090215013453
03520090215214524
03520090216063251
03520090216215007
03520090217110853
03520090217214406
03520090218215133
03520090219215005
03520090221005729
03520090222042633
03520090222214833
03520090223080738
03520090223215008
03520090224214856
03520090225214906
03520090226214953
03520090228005637
03520090228231637
03520090301214505
03520090302071635
03520090302214736
03520090303215508
03520090304214607
03520090305214733
03520090307005236
03520090308015000
03520090308215608
03520090309072056
03520090310214706
03520090311215335
03520090312214038
03520090313231252
03520090315002030
03520090315214635
03520090316065343
03520090316215238
03520090317215456
03520090318213405
03520090319214708
03520090321005156
03520090322001133
03520090322214459
03520090330215823
03520090331223434
03520090401210207
03520090402205937
03520090405003906
03520090406002056
03520090406205936
03520090407073512
03520090407210407
03520090409210105
03520090411000535
03520090412205936
03520090413063915
03520090413210306
03520090414210553
03520090415210305
03520090416210531
03520090418035753
03520090419210937
03520090420064050
03520090420205905
03520090421205900
03520090422210636
03520090426050031
03520090426132556
03520090426211055