07420110926013206
07420120104144202
07420120105004822
07420120106003507
07420120107093332
07420120108020830
07420120108125355
07420120109000740
07420120109141434
07420120111003256
07420120112004535
07420120113003004
07420120130135925
07420120131002805
07420120131135403
07420120201002309
07420120201141229
07420120202001211
07420120203002009
07420120206141208
07420120207134833
07420120208004725
07420120209005605
07420120209141107
07420120213002235
07420120213120529
07420120214141631
07420120215005352
07420120216004537
07420120217004759
07420120219032418
07420120220000524
07420120220133625
07420120221001101
07420120222123334
07420120223004658
07420120223130107
07420120224114655
07420120226011701
07420120229131123
07420120301005954
07420120303031442
07420120303121908
07420120304233855
07420120307004055
07420120309141825
07420120311233422
07420120313004739
07420120314001054
07420120315002537
07420120322141648
07420120415232937
07420120422133901
07420120424141952
07420120502134820