08520080213135647
08520080221065341
08520080226064917
08520080227065037
08520080303164706
08520080505225030
08520080511225957
08520080512225009
08520080513074506
08520080514223658
08520080515225636
08520080516132429
08520080519225536
08520080520095435
08520080520230306
08520080522230405
08520080523091635
08520080525090205
08520080527224904
08520080528230905
08520080529104154
08520080529230522
08520080829043203
08520080831112142
08520080901040413
08520080903015940
08520080903232345
08520080912092407
08520080916020311
08520080916044843
08520080916095048
08520081014012553
08520081014225705
08520081016232600
08520081017122353
08520081020231330
08520081021112523
08520081021234134
08520081022100223
08520081024082206
08520081029093405
08520081030233252
08520081031075722
08520081104022358
08520081104112506
08520081107011429
08520081107075630
08520081113233200
08520081118015859
08520081126014536
08520081127232559
08520081203095924
08520081204232606
08520081205080206
08520081208070629
08520081210100324
08520081212080635
08520081215112524
08520081216114553
08520081217003728
08520081217095536
08520081218233104
08520081219080345
08520081222040836
08520081229013835
08520090109073323
08520090307223206
08520090316224004
08520090317084900
08520090317223907
08520090318083407
08520090318224630
08520090323090459
08520090323224307
08520090324091053
08520090324224221
08520090326045205
08520090326225006
08520090327104637
08520090329003255
08520090329223828
08520090331224124
08520090401224401
08520090402225542
08520090403091558
08520090406223900
08520090407104324
08520090407224337
08520090408093330
08520090408224553
08520090409094956
08520090409224337
08520090410122959
08520090413224736
08520090414225029
08520090415101100
08520090415224653
08520090416224802
08520090420224635
08520090421102505
08520090421225352
08520090422224007
08520090424021953
08520090426224220
08520090427224852
08520090428224438
08520090429091552
08520090429224657
08520090504224552
08520090506224830
08520090507091901
08520090507231625
08520090508115426
08520090509025852
08520090510224231
08520090513235559
08520090514075029
08520090514235037
08520090517233454
08520090519004804
08520090521000230
08520090521095331
08520090522004708
08520090522105319
08520090522234705
08520090613093407
08520090614121829
08520090617020536
08520090619011407
08520090622093855
08520090623233655
08520090624084534
08520090625234631
08520090627014225
08520090627104937
08520090627235736
08520090629012308
08520090629092537
08520090701002752
08520090701090337
08520090703082122
08520090703231838
08520090705224406
08520090706091838
08520090706230438
08520090707090828
08520090707225636
08520090708103205
08520090729094626
08520090729224538
08520090806224944
08520090810010623
08520090811003034
08520090821113358
08520090823235050
08520090825112752
08520090826004628
08520090826120059
08520090827005251
08520090831000922
08520090907010827
08520090907132604
08520090908003822
08520090908112534
08520090909004052
08520090909114334
08520090910011022
08520090910111233
08520090911004404
08520090913233334
08520090915122804
08520090915235904
08520090916114222
08520090917000404
08520090917140604
08520090918004028
08520090918103558
08520090922005527
08520090922112322
08520090923004734
08520090923114133
08520090924003152
08520090924102917
08520090925010022
08520090927005434
08520090927113103
08520090928104630