09620080711113128
09620080714004835
09620080715100830
09620080716004905
09620080716112753
09620080717004301
09620080722010305
09620080723010535
09620080724010624
09620080725011835
09620080725100405
09620080727100523
09620080728010853
09620080728121835
09620080729010559
09620080730143829
09620080731115723
09620080801012305
09620080804133453
09620080806012229
09620080811010635
09620080811125105
09620080812011653
09620080812125334
09620080813010535
09620080814012459
09620080814132759
09620080815014235
09620080822013835
09620080822135759
09620080825135205
09620080826011559
09620080829152117
09620080901014735
09620080901145658
09620080903125401
09620081008144659
09620081013141459
09620081014015453
09620081014100523
09620081015023004
09620081015141023
09620081016141323
09620081020151458
09620081022095635
09620081024163259
09620081028111959
09620081105141854
09620081114044453
09620081203134752
09620081208033705
09620081211005853