11320100510103524
11320100512101255
11320100512235929
11320100513102400
11320100514003732
11320100514132958
11320100517005036
11320100517102438
11320100518003527
11320100518101954
11320100519003829
11320100519102352
11320100520003458
11320100524002838
11320100524102431
11320100525003038
11320100525101354
11320100526004257
11320100526095854
11320100527004254
11320100527102203
11320100528004056
11320100528115632
11320100528230624
11320100531001556
11320100531101702
11320100531230658
11320100601101207
11320100601230757
11320100602104501
11320100603003556
11320100603103021