11520070509102701
11520070510010044
11520070511103309
11520070512044856
11520070513083506
11520070514004518
11520070515002650
11520070515103907
11520070516003837
11520070517020948
11520070518001312
11520070520235944
11520070521103907
11520070522000007
11520070522114438
11520070522235236
11520080409102703
11520080414100940
11520080414234239
11520080415135503
11520080415233457
11520080423071835
11520080424094521
11520080425112539
11520080425184427
11520080428072837
11520080429160041
11520080504231509
11520080505232818
11520080507011357
11520080507101216
11520080507231239
11520080508101249
11520080508230928
11520080512233207
11520080513100834
11520080513231631
11520080514100637
11520080514225734
11520080515101748
11520080515232716
11520080520225850
11520080521101625
11520080521231440
11520080522231141
11520080525231525
11520080527225031
11520080528091033
11520080528230807
11520080529101203
11520080529231016
11520080530090612
11520080601230327
11520080602134739
11520080602225650
11520080603105701
11520080603230837
11520080604100246
11520080604225139
11520080605100617
11520080605225220
11520080606100918
11520080609225109
11520080610135839
11520080610230940
11520080611103416
11520080611231533
11520080615225707
11520080617112027
11520080617230237
11520080618101016
11520080618225237
11520080619095809
11520080619230131
11520080620100515
11520080622225644
11520080623134304
11520080624022857
11520080624101914
11520080624230307
11520080625100707
11520080626014331
11520080626102357
11520080626224815
11520080627123807
11520080629231116
11520080630125525
11520080701030733
11520080701225507
11520080702123702
11520080702225600
11520080704030539
11520080704135411
11520080706230401
11520080707133855
11520080707230001
11520080708205808
11520080709070307
11520080710070855
11520080710210401
11520080711065356
11520080711210234
11520080713104307
11520080713181025
11520080714065739
11520080715111109
11520080717065806
11520080717213634
11520080718102946
11520080824150016
11520080829155839
11520080908015739
11520080920102052
11520080921231539
11520080924133303
11520080927021237