14020070428125913
14020070429023257
14020070429130058
14020070508012506
14020070509004217
14020080819010442
14020080822012750
14020080828013842
14020080828145747
14020080829020907
14020080829110225
14020080902162046
14020080903115816
14020080904011937
14020080904145731
14020080909014235
14020080909155006
14020080911012818
14020080911153847
14020080912011447
14020080919015223
14020080919115229
14020080921114240
14020080923021437
14020080924142339
14020080926023251
14020080926105615
14020080927145807
14020081008022535
14020081017021504
14020081021014137
14020081022122415
14020081024110138
14020081029160715
14020081031023618
14020081031162659
14020081107155834
14020081208121025
14020081209113434
14020090104160355
14020090105025915
14020090105154136
14020090106025210
14020090106111806
14020090107023640
14020090108144343
14020090109030249
14020090112024722
14020090113023602
14020090114021222
14020090114144345
14020090201022812
14020090201104300
14020090202025209
14020090202133546
14020090205113108
14020090206014750
14020090209112316
14020090210012645
14020090210110015
14020090212012633
14020090212111814
14020090213113729
14020090216030843
14020090217020938
14020090217124347
14020090217163416
14020090219021251
14020090219161913
14020090313115405
14020090317130710
14020090318031617
14020090318081854
14020090324144749
14020090325141523
14020090326032230
14020090326150624
14020090330031134
14020090331152944
14020090401143515
14020090403144002
14020090407161345
14020090408021401
14020090408161333
14020090409020036
14020090409160844
14020090410111538
14020090416041122
14020090416154738
14020090417031540
14020090418025509
14020090419133511
14020090420103349
14020090421022800
14020090427023415
14020090427133755
14020090428014108
14020090428103314
14020090429133302
14020090504031201
14020090505025454
14020090505112538
14020090506023747
14020090506131916
14020090507014504
14020090507140206
14020090508014310
14020090508125829
14020090511130845
14020090512023915
14020090512161333
14020090513123830
14020090514120413
14020090515005258
14020090515105014
14020090518022333
14020090518161738
14020090519181601
14020090522035733
14020090522130604
14020090525025632
14020090525111909
14020090602151845
14020090604021733
14020090605023539
14020090609021610
14020090610040841
14020090611003436
14020090611201545
14020090612194624
14020090615214836
14020090616114901
14020090616225207
14020090617103730
14020090617211812
14020090625225943
14020090626095612
14020090627003554
14020090709192947
14020090714174239
14020090715205831
14020090811232746
14020090824190739
14020090825103247
14020090825215017
14020090826225534
14020090827093606
14020090827220400
14020090828213506
14020090831110210
14020090901135849
14020090908022805
14020090909015629
14020090910014137
14020090911040434
14020090911125557
14020090914040805
14020090915025734
14020090916024241
14020090917131229
14020090921152134
14020090922031804
14020090922151107
14020090923043238
14020090923121729
14020090924040106
14020090925105803
14020090927042207
14020090927133508
14020090928122805