14720110224184514
14720110225083404
14720110225195900
14720110228084301
14720110228184808
14720110301083907
14720110301213535
14720110302085629
14720110303210905
14720110304083908
14720110305185208
14720110306191833
14720110307090137
14720110307185852
14720110308084359
14720110309085035
14720110309185756
14720110310084805
14720110310184024
14720110311085436
14720110313093101
14720110313184054
14720110314182635
14720110315084625
14720110315204017
14720110316090923
14720110316184609
14720110317093119
14720110318084732
14720110319180807
14720110320185656
14720110320220444
14720110321090732
14720110321210437
14720110322084108
14720110322200628
14720110323090903
14720110324205033
14720110325090832
14720110329184129
14720110401090436
14720110405091538
14720110406213524
14720110407223102
14720110408091958
14720110408230858
14720110411090729
14720110427192053
14720110429093807
14720110429211108
14720110503092256
14720110503211058
14720110504090804
14720110504222727
14720110505093137
14720110509090537
14720110509213336
14720110510091728
14720110510220025
14720110511090033
14720110511220208
14720110512092100
14720110512213721
14720110513085630
14720110516213330
14720110517221041
14720110518210025